{
 "cells": [
  {
   "cell_type": "markdown",
   "metadata": {},
   "source": [
    "# Implementing a Neural Network\n",
    "In this exercise we will develop a neural network with fully-connected layers to perform classification, and test it out on the CIFAR-10 dataset."
   ]
  },
  {
   "cell_type": "code",
   "execution_count": 1,
   "metadata": {},
   "outputs": [],
   "source": [
    "# A bit of setup\n",
    "\n",
    "from __future__ import print_function\n",
    "\n",
    "import numpy as np\n",
    "import matplotlib.pyplot as plt\n",
    "\n",
    "from cs231n.classifiers.neural_net import TwoLayerNet\n",
    "\n",
    "%matplotlib inline\n",
    "plt.rcParams['figure.figsize'] = (10.0, 8.0) # set default size of plots\n",
    "plt.rcParams['image.interpolation'] = 'nearest'\n",
    "plt.rcParams['image.cmap'] = 'gray'\n",
    "\n",
    "# for auto-reloading external modules\n",
    "# see http://stackoverflow.com/questions/1907993/autoreload-of-modules-in-ipython\n",
    "%load_ext autoreload\n",
    "%autoreload 2\n",
    "\n",
    "def rel_error(x, y):\n",
    "    \"\"\" returns relative error \"\"\"\n",
    "    return np.max(np.abs(x - y) / (np.maximum(1e-8, np.abs(x) + np.abs(y))))"
   ]
  },
  {
   "cell_type": "markdown",
   "metadata": {},
   "source": [
    "We will use the class `TwoLayerNet` in the file `cs231n/classifiers/neural_net.py` to represent instances of our network. The network parameters are stored in the instance variable `self.params` where keys are string parameter names and values are numpy arrays. Below, we initialize toy data and a toy model that we will use to develop your implementation."
   ]
  },
  {
   "cell_type": "code",
   "execution_count": 2,
   "metadata": {},
   "outputs": [],
   "source": [
    "# Create a small net and some toy data to check your implementations.\n",
    "# Note that we set the random seed for repeatable experiments.\n",
    "\n",
    "input_size = 4\n",
    "hidden_size = 10\n",
    "num_classes = 3\n",
    "num_inputs = 5\n",
    "\n",
    "def init_toy_model():\n",
    "    np.random.seed(0)\n",
    "    return TwoLayerNet(input_size, hidden_size, num_classes, std=1e-1)\n",
    "\n",
    "def init_toy_data():\n",
    "    np.random.seed(1)\n",
    "    X = 10 * np.random.randn(num_inputs, input_size)\n",
    "    y = np.array([0, 1, 2, 2, 1])\n",
    "    return X, y\n",
    "\n",
    "net = init_toy_model()\n",
    "X, y = init_toy_data()"
   ]
  },
  {
   "cell_type": "markdown",
   "metadata": {},
   "source": [
    "# Forward pass: compute scores\n",
    "Open the file `cs231n/classifiers/neural_net.py` and look at the method `TwoLayerNet.loss`. This function is very similar to the loss functions you have written for the SVM and Softmax exercises: It takes the data and weights and computes the class scores, the loss, and the gradients on the parameters. \n",
    "\n",
    "Implement the first part of the forward pass which uses the weights and biases to compute the scores for all inputs."
   ]
  },
  {
   "cell_type": "code",
   "execution_count": 14,
   "metadata": {},
   "outputs": [
    {
     "name": "stdout",
     "output_type": "stream",
     "text": [
      "Your scores:\n",
      "[[-0.81233741 -1.27654624 -0.70335995]\n",
      " [-0.17129677 -1.18803311 -0.47310444]\n",
      " [-0.51590475 -1.01354314 -0.8504215 ]\n",
      " [-0.15419291 -0.48629638 -0.52901952]\n",
      " [-0.00618733 -0.12435261 -0.15226949]]\n",
      "\n",
      "correct scores:\n",
      "[[-0.81233741 -1.27654624 -0.70335995]\n",
      " [-0.17129677 -1.18803311 -0.47310444]\n",
      " [-0.51590475 -1.01354314 -0.8504215 ]\n",
      " [-0.15419291 -0.48629638 -0.52901952]\n",
      " [-0.00618733 -0.12435261 -0.15226949]]\n",
      "\n",
      "Difference between your scores and correct scores:\n",
      "3.6802720745909845e-08\n"
     ]
    }
   ],
   "source": [
    "scores = net.loss(X)\n",
    "print('Your scores:')\n",
    "print(scores)\n",
    "print()\n",
    "print('correct scores:')\n",
    "correct_scores = np.asarray([\n",
    "  [-0.81233741, -1.27654624, -0.70335995],\n",
    "  [-0.17129677, -1.18803311, -0.47310444],\n",
    "  [-0.51590475, -1.01354314, -0.8504215 ],\n",
    "  [-0.15419291, -0.48629638, -0.52901952],\n",
    "  [-0.00618733, -0.12435261, -0.15226949]])\n",
    "print(correct_scores)\n",
    "print()\n",
    "\n",
    "# The difference should be very small. We get < 1e-7\n",
    "print('Difference between your scores and correct scores:')\n",
    "print(np.sum(np.abs(scores - correct_scores)))"
   ]
  },
  {
   "cell_type": "markdown",
   "metadata": {},
   "source": [
    "# Forward pass: compute loss\n",
    "In the same function, implement the second part that computes the data and regularizaion loss."
   ]
  },
  {
   "cell_type": "code",
   "execution_count": 16,
   "metadata": {},
   "outputs": [
    {
     "name": "stdout",
     "output_type": "stream",
     "text": [
      "Difference between your loss and correct loss:\n",
      "1.7985612998927536e-13\n"
     ]
    }
   ],
   "source": [
    "loss, _ = net.loss(X, y, reg=0.05)\n",
    "correct_loss = 1.30378789133\n",
    "\n",
    "# should be very small, we get < 1e-12\n",
    "print('Difference between your loss and correct loss:')\n",
    "print(np.sum(np.abs(loss - correct_loss)))"
   ]
  },
  {
   "cell_type": "markdown",
   "metadata": {},
   "source": [
    "# Backward pass\n",
    "Implement the rest of the function. This will compute the gradient of the loss with respect to the variables `W1`, `b1`, `W2`, and `b2`. Now that you (hopefully!) have a correctly implemented forward pass, you can debug your backward pass using a numeric gradient check:"
   ]
  },
  {
   "cell_type": "code",
   "execution_count": 67,
   "metadata": {},
   "outputs": [
    {
     "name": "stdout",
     "output_type": "stream",
     "text": [
      "(5, 3)\n",
      "(3, 5)\n",
      "[[ 1.12049687 -0.54894633 -0.57155054]\n",
      " [-0.54894633  1.35384831 -0.80490198]\n",
      " [-0.57155054 -0.80490198  1.37645252]]\n",
      "(5, 3)\n",
      "(10, 3)\n",
      "(3, 10)\n",
      "(5, 3)\n",
      "(3, 5)\n",
      "[[ 1.12049687 -0.54894633 -0.57155054]\n",
      " [-0.54894633  1.35384831 -0.80490198]\n",
      " [-0.57155054 -0.80490198  1.37645252]]\n",
      "(5, 3)\n",
      "(10, 3)\n",
      "(3, 10)\n",
      "(5, 3)\n",
      "(3, 5)\n",
      "[[ 1.12048521 -0.54894213 -0.57154309]\n",
      " [-0.54894213  1.35384679 -0.80490467]\n",
      " [-0.57154309 -0.80490467  1.37644775]]\n",
      "(5, 3)\n",
      "(10, 3)\n",
      "(3, 10)\n",
      "(5, 3)\n",
      "(3, 5)\n",
      "[[ 1.12050853 -0.54895053 -0.57155799]\n",
      " [-0.54895053  1.35384982 -0.80489929]\n",
      " [-0.57155799 -0.80489929  1.37645729]]\n",
      "(5, 3)\n",
      "(10, 3)\n",
      "(3, 10)\n",
      "(5, 3)\n",
      "(3, 5)\n",
      "[[ 1.12050107 -0.54895153 -0.57154954]\n",
      " [-0.54895153  1.35385151 -0.80489998]\n",
      " [-0.57154954 -0.80489998  1.37644952]]\n",
      "(5, 3)\n",
      "(10, 3)\n",
      "(3, 10)\n",
      "(5, 3)\n",
      "(3, 5)\n",
      "[[ 1.12049267 -0.54894113 -0.57155154]\n",
      " [-0.54894113  1.3538451  -0.80490398]\n",
      " [-0.57155154 -0.80490398  1.37645552]]\n",
      "(5, 3)\n",
      "(10, 3)\n",
      "(3, 10)\n",
      "(5, 3)\n",
      "(3, 5)\n",
      "[[ 1.12050432 -0.54894533 -0.57155899]\n",
      " [-0.54894533  1.35384662 -0.80490129]\n",
      " [-0.57155899 -0.80490129  1.37646028]]\n",
      "(5, 3)\n",
      "(10, 3)\n",
      "(3, 10)\n",
      "(5, 3)\n",
      "(3, 5)\n",
      "[[ 1.12048941 -0.54894733 -0.57154209]\n",
      " [-0.54894733  1.35385    -0.80490267]\n",
      " [-0.57154209 -0.80490267  1.37644476]]\n",
      "(5, 3)\n",
      "(10, 3)\n",
      "(3, 10)\n",
      "(5, 3)\n",
      "(3, 5)\n",
      "[[ 1.12049687 -0.54894633 -0.57155054]\n",
      " [-0.54894633  1.35384831 -0.80490198]\n",
      " [-0.57155054 -0.80490198  1.37645252]]\n",
      "(5, 3)\n",
      "(10, 3)\n",
      "(3, 10)\n",
      "(5, 3)\n",
      "(3, 5)\n",
      "[[ 1.12049687 -0.54894633 -0.57155054]\n",
      " [-0.54894633  1.35384831 -0.80490198]\n",
      " [-0.57155054 -0.80490198  1.37645252]]\n",
      "(5, 3)\n",
      "(10, 3)\n",
      "(3, 10)\n",
      "(5, 3)\n",
      "(3, 5)\n",
      "[[ 1.12049687 -0.54894633 -0.57155054]\n",
      " [-0.54894633  1.35384831 -0.80490198]\n",
      " [-0.57155054 -0.80490198  1.37645252]]\n",
      "(5, 3)\n",
      "(10, 3)\n",
      "(3, 10)\n",
      "(5, 3)\n",
      "(3, 5)\n",
      "[[ 1.12049687 -0.54894633 -0.57155054]\n",
      " [-0.54894633  1.35384831 -0.80490198]\n",
      " [-0.57155054 -0.80490198  1.37645252]]\n",
      "(5, 3)\n",
      "(10, 3)\n",
      "(3, 10)\n",
      "(5, 3)\n",
      "(3, 5)\n",
      "[[ 1.12049687 -0.54894633 -0.57155054]\n",
      " [-0.54894633  1.35384831 -0.80490198]\n",
      " [-0.57155054 -0.80490198  1.37645252]]\n",
      "(5, 3)\n",
      "(10, 3)\n",
      "(3, 10)\n",
      "(5, 3)\n",
      "(3, 5)\n",
      "[[ 1.12049687 -0.54894633 -0.57155054]\n",
      " [-0.54894633  1.35384831 -0.80490198]\n",
      " [-0.57155054 -0.80490198  1.37645252]]\n",
      "(5, 3)\n",
      "(10, 3)\n",
      "(3, 10)\n",
      "(5, 3)\n",
      "(3, 5)\n",
      "[[ 1.12050465 -0.54894696 -0.57155768]\n",
      " [-0.54894696  1.35384653 -0.80489957]\n",
      " [-0.57155768 -0.80489957  1.37645725]]\n",
      "(5, 3)\n",
      "(10, 3)\n",
      "(3, 10)\n",
      "(5, 3)\n",
      "(3, 5)\n",
      "[[ 1.12048909 -0.54894569 -0.5715434 ]\n",
      " [-0.54894569  1.35385009 -0.80490439]\n",
      " [-0.5715434  -0.80490439  1.37644779]]\n",
      "(5, 3)\n",
      "(10, 3)\n",
      "(3, 10)\n",
      "(5, 3)\n",
      "(3, 5)\n",
      "[[ 1.12049308 -0.54894432 -0.57154876]\n",
      " [-0.54894432  1.35385154 -0.80490722]\n",
      " [-0.57154876 -0.80490722  1.37645598]]\n",
      "(5, 3)\n",
      "(10, 3)\n",
      "(3, 10)\n",
      "(5, 3)\n",
      "(3, 5)\n",
      "[[ 1.12050065 -0.54894834 -0.57155232]\n",
      " [-0.54894834  1.35384508 -0.80489675]\n",
      " [-0.57155232 -0.80489675  1.37644906]]\n",
      "(5, 3)\n",
      "(10, 3)\n",
      "(3, 10)\n",
      "(5, 3)\n",
      "(3, 5)\n",
      "[[ 1.12049288 -0.5489477  -0.57154518]\n",
      " [-0.5489477   1.35384686 -0.80489916]\n",
      " [-0.57154518 -0.80489916  1.37644433]]\n",
      "(5, 3)\n",
      "(10, 3)\n",
      "(3, 10)\n",
      "(5, 3)\n",
      "(3, 5)\n",
      "[[ 1.12050086 -0.54894496 -0.5715559 ]\n",
      " [-0.54894496  1.35384976 -0.8049048 ]\n",
      " [-0.5715559  -0.8049048   1.37646071]]\n",
      "(5, 3)\n",
      "(10, 3)\n",
      "(3, 10)\n",
      "(5, 3)\n",
      "(3, 5)\n",
      "[[ 1.12049232 -0.54894377 -0.57154854]\n",
      " [-0.54894377  1.35384593 -0.80490216]\n",
      " [-0.57154854 -0.80490216  1.37645071]]\n",
      "(5, 3)\n",
      "(10, 3)\n",
      "(3, 10)\n",
      "(5, 3)\n",
      "(3, 5)\n",
      "[[ 1.12050142 -0.54894889 -0.57155254]\n",
      " [-0.54894889  1.35385069 -0.8049018 ]\n",
      " [-0.57155254 -0.8049018   1.37645434]]\n",
      "(5, 3)\n",
      "(10, 3)\n",
      "(3, 10)\n",
      "(5, 3)\n",
      "(3, 5)\n",
      "[[ 1.12049771 -0.54894952 -0.57154819]\n",
      " [-0.54894952  1.35385324 -0.80490372]\n",
      " [-0.57154819 -0.80490372  1.37645191]]\n",
      "(5, 3)\n",
      "(10, 3)\n",
      "(3, 10)\n",
      "(5, 3)\n",
      "(3, 5)\n",
      "[[ 1.12049603 -0.54894314 -0.57155289]\n",
      " [-0.54894314  1.35384337 -0.80490024]\n",
      " [-0.57155289 -0.80490024  1.37645313]]\n",
      "(5, 3)\n",
      "(10, 3)\n",
      "(3, 10)\n",
      "(5, 3)\n",
      "(3, 5)\n",
      "[[ 1.12050058 -0.54894569 -0.57155488]\n",
      " [-0.54894569  1.35384575 -0.80490006]\n",
      " [-0.57155488 -0.80490006  1.37645494]]\n",
      "(5, 3)\n",
      "(10, 3)\n",
      "(3, 10)\n",
      "(5, 3)\n",
      "(3, 5)\n",
      "[[ 1.12049316 -0.54894696 -0.5715462 ]\n",
      " [-0.54894696  1.35385087 -0.8049039 ]\n",
      " [-0.5715462  -0.8049039   1.3764501 ]]\n",
      "(5, 3)\n",
      "(10, 3)\n",
      "(3, 10)\n",
      "(5, 3)\n",
      "(3, 5)\n",
      "[[ 1.12051656 -0.54895494 -0.57156162]\n",
      " [-0.54895494  1.35384983 -0.80489489]\n",
      " [-0.57156162 -0.80489489  1.37645651]]\n",
      "(5, 3)\n",
      "(10, 3)\n",
      "(3, 10)\n",
      "(5, 3)\n",
      "(3, 5)\n",
      "[[ 1.12047718 -0.54893772 -0.57153946]\n",
      " [-0.54893772  1.35384679 -0.80490907]\n",
      " [-0.57153946 -0.80490907  1.37644853]]\n",
      "(5, 3)\n",
      "(10, 3)\n",
      "(3, 10)\n",
      "(5, 3)\n",
      "(3, 5)\n",
      "[[ 1.12048853 -0.54893882 -0.57154972]\n",
      " [-0.54893882  1.3538458  -0.80490698]\n",
      " [-0.57154972 -0.80490698  1.3764567 ]]\n",
      "(5, 3)\n",
      "(10, 3)\n",
      "(3, 10)\n",
      "(5, 3)\n",
      "(3, 5)\n",
      "[[ 1.12050521 -0.54895384 -0.57155136]\n",
      " [-0.54895384  1.35385082 -0.80489698]\n",
      " [-0.57155136 -0.80489698  1.37644834]]\n",
      "(5, 3)\n",
      "(10, 3)\n",
      "(3, 10)\n",
      "(5, 3)\n",
      "(3, 5)\n",
      "[[ 1.12048552 -0.54894523 -0.57154028]\n",
      " [-0.54894523  1.3538493  -0.80490407]\n",
      " [-0.57154028 -0.80490407  1.37644435]]\n",
      "(5, 3)\n",
      "(10, 3)\n",
      "(3, 10)\n",
      "(5, 3)\n",
      "(3, 5)\n",
      "[[ 1.12050822 -0.54894743 -0.5715608 ]\n",
      " [-0.54894743  1.35384732 -0.80489989]\n",
      " [-0.5715608  -0.80489989  1.37646069]]\n",
      "(5, 3)\n",
      "(10, 3)\n",
      "(3, 10)\n",
      "(5, 3)\n",
      "(3, 5)\n",
      "[[ 1.12049687 -0.54894633 -0.57155054]\n",
      " [-0.54894633  1.35384831 -0.80490198]\n",
      " [-0.57155054 -0.80490198  1.37645252]]\n",
      "(5, 3)\n",
      "(10, 3)\n",
      "(3, 10)\n",
      "(5, 3)\n",
      "(3, 5)\n",
      "[[ 1.12049687 -0.54894633 -0.57155054]\n",
      " [-0.54894633  1.35384831 -0.80490198]\n",
      " [-0.57155054 -0.80490198  1.37645252]]\n",
      "(5, 3)\n",
      "(10, 3)\n",
      "(3, 10)\n",
      "(5, 3)\n",
      "(3, 5)\n",
      "[[ 1.12049687 -0.54894633 -0.57155054]\n",
      " [-0.54894633  1.35384831 -0.80490198]\n",
      " [-0.57155054 -0.80490198  1.37645252]]\n",
      "(5, 3)\n",
      "(10, 3)\n",
      "(3, 10)\n",
      "(5, 3)\n",
      "(3, 5)\n",
      "[[ 1.12049687 -0.54894633 -0.57155054]\n",
      " [-0.54894633  1.35384831 -0.80490198]\n",
      " [-0.57155054 -0.80490198  1.37645252]]\n",
      "(5, 3)\n",
      "(10, 3)\n",
      "(3, 10)\n",
      "(5, 3)\n",
      "(3, 5)\n",
      "[[ 1.12049687 -0.54894633 -0.57155054]\n",
      " [-0.54894633  1.35384831 -0.80490198]\n",
      " [-0.57155054 -0.80490198  1.37645252]]\n",
      "(5, 3)\n",
      "(10, 3)\n",
      "(3, 10)\n",
      "(5, 3)\n",
      "(3, 5)\n",
      "[[ 1.12049687 -0.54894633 -0.57155054]\n",
      " [-0.54894633  1.35384831 -0.80490198]\n",
      " [-0.57155054 -0.80490198  1.37645252]]\n",
      "(5, 3)\n",
      "(10, 3)\n",
      "(3, 10)\n",
      "(5, 3)\n",
      "(3, 5)\n",
      "[[ 1.12049687 -0.54894633 -0.57155054]\n",
      " [-0.54894633  1.35384831 -0.80490198]\n",
      " [-0.57155054 -0.80490198  1.37645252]]\n",
      "(5, 3)\n",
      "(10, 3)\n",
      "(3, 10)\n",
      "(5, 3)\n",
      "(3, 5)\n",
      "[[ 1.12049687 -0.54894633 -0.57155054]\n",
      " [-0.54894633  1.35384831 -0.80490198]\n",
      " [-0.57155054 -0.80490198  1.37645252]]\n",
      "(5, 3)\n",
      "(10, 3)\n",
      "(3, 10)\n",
      "(5, 3)\n",
      "(3, 5)\n",
      "[[ 1.12049687 -0.54894633 -0.57155054]\n",
      " [-0.54894633  1.35384831 -0.80490198]\n",
      " [-0.57155054 -0.80490198  1.37645252]]\n",
      "(5, 3)\n",
      "(10, 3)\n",
      "(3, 10)\n",
      "(5, 3)\n",
      "(3, 5)\n",
      "[[ 1.12049687 -0.54894633 -0.57155054]\n",
      " [-0.54894633  1.35384831 -0.80490198]\n",
      " [-0.57155054 -0.80490198  1.37645252]]\n",
      "(5, 3)\n",
      "(10, 3)\n",
      "(3, 10)\n",
      "(5, 3)\n",
      "(3, 5)\n",
      "[[ 1.12049687 -0.54894633 -0.57155054]\n",
      " [-0.54894633  1.35384831 -0.80490198]\n",
      " [-0.57155054 -0.80490198  1.37645252]]\n",
      "(5, 3)\n",
      "(10, 3)\n",
      "(3, 10)\n",
      "(5, 3)\n",
      "(3, 5)\n",
      "[[ 1.12049687 -0.54894633 -0.57155054]\n",
      " [-0.54894633  1.35384831 -0.80490198]\n",
      " [-0.57155054 -0.80490198  1.37645252]]\n",
      "(5, 3)\n",
      "(10, 3)\n",
      "(3, 10)\n",
      "(5, 3)\n",
      "(3, 5)\n",
      "[[ 1.12049838 -0.54894812 -0.57155026]\n",
      " [-0.54894812  1.35384974 -0.80490162]\n",
      " [-0.57155026 -0.80490162  1.37645188]]\n",
      "(5, 3)\n",
      "(10, 3)\n",
      "(3, 10)\n",
      "(5, 3)\n",
      "(3, 5)\n",
      "[[ 1.12049536 -0.54894454 -0.57155082]\n",
      " [-0.54894454  1.35384688 -0.80490234]\n",
      " [-0.57155082 -0.80490234  1.37645316]]\n",
      "(5, 3)\n",
      "(10, 3)\n",
      "(3, 10)\n",
      "(5, 3)\n",
      "(3, 5)\n",
      "[[ 1.1204961  -0.5489449  -0.5715512 ]\n",
      " [-0.5489449   1.35384565 -0.80490075]\n",
      " [-0.5715512  -0.80490075  1.37645195]]\n",
      "(5, 3)\n",
      "(10, 3)\n",
      "(3, 10)\n",
      "(5, 3)\n",
      "(3, 5)\n",
      "[[ 1.12049763 -0.54894776 -0.57154988]\n",
      " [-0.54894776  1.35385097 -0.80490321]\n",
      " [-0.57154988 -0.80490321  1.37645309]]\n",
      "(5, 3)\n",
      "(10, 3)\n",
      "(3, 10)\n",
      "(5, 3)\n",
      "(3, 5)\n",
      "[[ 1.12049612 -0.54894597 -0.57155016]\n",
      " [-0.54894597  1.35384954 -0.80490358]\n",
      " [-0.57155016 -0.80490358  1.37645374]]\n",
      "(5, 3)\n",
      "(10, 3)\n",
      "(3, 10)\n",
      "(5, 3)\n",
      "(3, 5)\n",
      "[[ 1.12049761 -0.54894669 -0.57155092]\n",
      " [-0.54894669  1.35384707 -0.80490038]\n",
      " [-0.57155092 -0.80490038  1.3764513 ]]\n",
      "(5, 3)\n",
      "(10, 3)\n",
      "(3, 10)\n",
      "(5, 3)\n",
      "(3, 5)\n",
      "[[ 1.12051237 -0.54895074 -0.57156163]\n",
      " [-0.54895074  1.35384798 -0.80489724]\n",
      " [-0.57156163 -0.80489724  1.37645887]]\n",
      "(5, 3)\n",
      "(10, 3)\n",
      "(3, 10)\n",
      "(5, 3)\n",
      "(3, 5)\n",
      "[[ 1.12048137 -0.54894192 -0.57153945]\n",
      " [-0.54894192  1.35384864 -0.80490672]\n",
      " [-0.57153945 -0.80490672  1.37644617]]\n",
      "(5, 3)\n",
      "(10, 3)\n",
      "(3, 10)\n",
      "(5, 3)\n",
      "(3, 5)\n",
      "[[ 1.1204902  -0.54894079 -0.57154942]\n",
      " [-0.54894079  1.35384877 -0.80490798]\n",
      " [-0.57154942 -0.80490798  1.37645739]]\n",
      "(5, 3)\n",
      "(10, 3)\n",
      "(3, 10)\n",
      "(5, 3)\n",
      "(3, 5)\n",
      "[[ 1.12050353 -0.54895187 -0.57155166]\n",
      " [-0.54895187  1.35384785 -0.80489598]\n",
      " [-0.57155166 -0.80489598  1.37644765]]\n",
      "(5, 3)\n",
      "(10, 3)\n",
      "(3, 10)\n",
      "(5, 3)\n",
      "(3, 5)\n",
      "[[ 1.12048803 -0.54894746 -0.57154057]\n",
      " [-0.54894746  1.35384818 -0.80490072]\n",
      " [-0.57154057 -0.80490072  1.37644129]]\n",
      "(5, 3)\n",
      "(10, 3)\n",
      "(3, 10)\n",
      "(5, 3)\n",
      "(3, 5)\n",
      "[[ 1.1205057  -0.5489452  -0.57156051]\n",
      " [-0.5489452   1.35384843 -0.80490324]\n",
      " [-0.57156051 -0.80490324  1.37646375]]\n",
      "(5, 3)\n",
      "(10, 3)\n",
      "(3, 10)\n",
      "(5, 3)\n",
      "(3, 5)\n",
      "[[ 1.12051879 -0.54895828 -0.57156051]\n",
      " [-0.54895828  1.3538524  -0.80489412]\n",
      " [-0.57156051 -0.80489412  1.37645464]]\n",
      "(5, 3)\n",
      "(10, 3)\n",
      "(3, 10)\n",
      "(5, 3)\n",
      "(3, 5)\n",
      "[[ 1.12047494 -0.54893438 -0.57154057]\n",
      " [-0.54893438  1.35384421 -0.80490984]\n",
      " [-0.57154057 -0.80490984  1.3764504 ]]\n",
      "(5, 3)\n",
      "(10, 3)\n",
      "(3, 10)\n",
      "(5, 3)\n",
      "(3, 5)\n",
      "[[ 1.1204879  -0.54893669 -0.57155121]\n",
      " [-0.54893669  1.35384105 -0.80490436]\n",
      " [-0.57155121 -0.80490436  1.37645557]]\n",
      "(5, 3)\n",
      "(10, 3)\n",
      "(3, 10)\n",
      "(5, 3)\n",
      "(3, 5)\n",
      "[[ 1.12050584 -0.54895597 -0.57154987]\n",
      " [-0.54895597  1.35385556 -0.8048996 ]\n",
      " [-0.57154987 -0.8048996   1.37644947]]\n",
      "(5, 3)\n",
      "(10, 3)\n",
      "(3, 10)\n",
      "(5, 3)\n",
      "(3, 5)\n",
      "[[ 1.12048391 -0.54894401 -0.5715399 ]\n",
      " [-0.54894401  1.35385147 -0.80490746]\n",
      " [-0.5715399  -0.80490746  1.37644736]]\n",
      "(5, 3)\n",
      "(10, 3)\n",
      "(3, 10)\n",
      "(5, 3)\n",
      "(3, 5)\n",
      "[[ 1.12050982 -0.54894864 -0.57156118]\n",
      " [-0.54894864  1.35384515 -0.8048965 ]\n",
      " [-0.57156118 -0.8048965   1.37645769]]\n",
      "(5, 3)\n",
      "(10, 3)\n",
      "(3, 10)\n",
      "W2 max relative error: 3.440708e-09\n",
      "(5, 3)\n",
      "(3, 5)\n",
      "[[ 1.12049687 -0.54894633 -0.57155054]\n",
      " [-0.54894633  1.35384831 -0.80490198]\n",
      " [-0.57155054 -0.80490198  1.37645252]]\n",
      "(5, 3)\n",
      "(10, 3)\n",
      "(3, 10)\n",
      "(5, 3)\n",
      "(3, 5)\n",
      "[[ 1.12050211 -0.54894935 -0.57155276]\n",
      " [-0.54894935  1.35384954 -0.80490019]\n",
      " [-0.57155276 -0.80490019  1.37645295]]\n",
      "(5, 3)\n",
      "(10, 3)\n",
      "(3, 10)\n",
      "(5, 3)\n",
      "(3, 5)\n",
      "[[ 1.12049163 -0.54894331 -0.57154832]\n",
      " [-0.54894331  1.35384708 -0.80490377]\n",
      " [-0.57154832 -0.80490377  1.37645209]]\n",
      "(5, 3)\n",
      "(10, 3)\n",
      "(3, 10)\n",
      "(5, 3)\n",
      "(3, 5)\n",
      "[[ 1.1204943  -0.54894366 -0.57155064]\n",
      " [-0.54894366  1.35384606 -0.8049024 ]\n",
      " [-0.57155064 -0.8049024   1.37645303]]\n",
      "(5, 3)\n",
      "(10, 3)\n",
      "(3, 10)\n",
      "(5, 3)\n",
      "(3, 5)\n",
      "[[ 1.12049944 -0.548949   -0.57155044]\n",
      " [-0.548949    1.35385056 -0.80490156]\n",
      " [-0.57155044 -0.80490156  1.37645201]]\n",
      "(5, 3)\n",
      "(10, 3)\n",
      "(3, 10)\n",
      "(5, 3)\n",
      "(3, 5)\n",
      "[[ 1.1204942  -0.54894598 -0.57154822]\n",
      " [-0.54894598  1.35384933 -0.80490335]\n",
      " [-0.57154822 -0.80490335  1.37645157]]\n",
      "(5, 3)\n",
      "(10, 3)\n",
      "(3, 10)\n",
      "(5, 3)\n",
      "(3, 5)\n",
      "[[ 1.12049954 -0.54894668 -0.57155286]\n",
      " [-0.54894668  1.35384729 -0.80490061]\n",
      " [-0.57155286 -0.80490061  1.37645347]]\n",
      "(5, 3)\n",
      "(10, 3)\n",
      "(3, 10)\n",
      "b2 max relative error: 4.447646e-11\n",
      "(5, 3)\n",
      "(3, 5)\n",
      "[[ 1.12049687 -0.54894633 -0.57155054]\n",
      " [-0.54894633  1.35384831 -0.80490198]\n",
      " [-0.57155054 -0.80490198  1.37645252]]\n",
      "(5, 3)\n",
      "(10, 3)\n",
      "(3, 10)\n",
      "(5, 3)\n",
      "(3, 5)\n",
      "[[ 1.12049422 -0.54894581 -0.57154841]\n",
      " [-0.54894581  1.35384828 -0.80490247]\n",
      " [-0.57154841 -0.80490247  1.37645088]]\n",
      "(5, 3)\n",
      "(10, 3)\n",
      "(3, 10)\n",
      "(5, 3)\n",
      "(3, 5)\n",
      "[[ 1.12049952 -0.54894685 -0.57155267]\n",
      " [-0.54894685  1.35384834 -0.80490149]\n",
      " [-0.57155267 -0.80490149  1.37645416]]\n",
      "(5, 3)\n",
      "(10, 3)\n",
      "(3, 10)\n",
      "(5, 3)\n",
      "(3, 5)\n",
      "[[ 1.12049687 -0.54894633 -0.57155054]\n",
      " [-0.54894633  1.35384831 -0.80490198]\n",
      " [-0.57155054 -0.80490198  1.37645252]]\n",
      "(5, 3)\n",
      "(10, 3)\n",
      "(3, 10)\n",
      "(5, 3)\n",
      "(3, 5)\n",
      "[[ 1.12049687 -0.54894633 -0.57155054]\n",
      " [-0.54894633  1.35384831 -0.80490198]\n",
      " [-0.57155054 -0.80490198  1.37645252]]\n",
      "(5, 3)\n",
      "(10, 3)\n",
      "(3, 10)\n",
      "(5, 3)\n",
      "(3, 5)\n",
      "[[ 1.12049846 -0.54894875 -0.5715497 ]\n",
      " [-0.54894875  1.3538466  -0.80489784]\n",
      " [-0.5715497  -0.80489784  1.37644755]]\n",
      "(5, 3)\n",
      "(10, 3)\n",
      "(3, 10)\n",
      "(5, 3)\n",
      "(3, 5)\n",
      "[[ 1.12049528 -0.54894391 -0.57155138]\n",
      " [-0.54894391  1.35385002 -0.80490612]\n",
      " [-0.57155138 -0.80490612  1.37645749]]\n",
      "(5, 3)\n",
      "(10, 3)\n",
      "(3, 10)\n",
      "(5, 3)\n",
      "(3, 5)\n",
      "[[ 1.12049712 -0.54894486 -0.57155226]\n",
      " [-0.54894486  1.35384898 -0.80490412]\n",
      " [-0.57155226 -0.80490412  1.37645638]]\n",
      "(5, 3)\n",
      "(10, 3)\n",
      "(3, 10)\n",
      "(5, 3)\n",
      "(3, 5)\n",
      "[[ 1.12049662 -0.5489478  -0.57154882]\n",
      " [-0.5489478   1.35384763 -0.80489984]\n",
      " [-0.57154882 -0.80489984  1.37644866]]\n",
      "(5, 3)\n",
      "(10, 3)\n",
      "(3, 10)\n",
      "(5, 3)\n",
      "(3, 5)\n",
      "[[ 1.12049694 -0.54894503 -0.57155191]\n",
      " [-0.54894503  1.35384895 -0.80490392]\n",
      " [-0.57155191 -0.80490392  1.37645582]]\n",
      "(5, 3)\n",
      "(10, 3)\n",
      "(3, 10)\n",
      "(5, 3)\n",
      "(3, 5)\n",
      "[[ 1.1204968  -0.54894762 -0.57154917]\n",
      " [-0.54894762  1.35384767 -0.80490004]\n",
      " [-0.57154917 -0.80490004  1.37644922]]\n",
      "(5, 3)\n",
      "(10, 3)\n",
      "(3, 10)\n",
      "(5, 3)\n",
      "(3, 5)\n",
      "[[ 1.12049687 -0.54894633 -0.57155054]\n",
      " [-0.54894633  1.35384831 -0.80490198]\n",
      " [-0.57155054 -0.80490198  1.37645252]]\n",
      "(5, 3)\n",
      "(10, 3)\n",
      "(3, 10)\n",
      "(5, 3)\n",
      "(3, 5)\n",
      "[[ 1.12049687 -0.54894633 -0.57155054]\n",
      " [-0.54894633  1.35384831 -0.80490198]\n",
      " [-0.57155054 -0.80490198  1.37645252]]\n",
      "(5, 3)\n",
      "(10, 3)\n",
      "(3, 10)\n",
      "(5, 3)\n",
      "(3, 5)\n",
      "[[ 1.12049687 -0.54894633 -0.57155054]\n",
      " [-0.54894633  1.35384831 -0.80490198]\n",
      " [-0.57155054 -0.80490198  1.37645252]]\n",
      "(5, 3)\n",
      "(10, 3)\n",
      "(3, 10)\n",
      "(5, 3)\n",
      "(3, 5)\n",
      "[[ 1.12049687 -0.54894633 -0.57155054]\n",
      " [-0.54894633  1.35384831 -0.80490198]\n",
      " [-0.57155054 -0.80490198  1.37645252]]\n",
      "(5, 3)\n",
      "(10, 3)\n",
      "(3, 10)\n",
      "(5, 3)\n",
      "(3, 5)\n",
      "[[ 1.12049661 -0.54894611 -0.5715505 ]\n",
      " [-0.54894611  1.3538484  -0.80490229]\n",
      " [-0.5715505  -0.80490229  1.37645279]]\n",
      "(5, 3)\n",
      "(10, 3)\n",
      "(3, 10)\n",
      "(5, 3)\n",
      "(3, 5)\n",
      "[[ 1.12049713 -0.54894655 -0.57155058]\n",
      " [-0.54894655  1.35384822 -0.80490167]\n",
      " [-0.57155058 -0.80490167  1.37645225]]\n",
      "(5, 3)\n",
      "(10, 3)\n",
      "(3, 10)\n",
      "(5, 3)\n",
      "(3, 5)\n",
      "[[ 1.12049982 -0.54894875 -0.57155108]\n",
      " [-0.54894875  1.35384792 -0.80489917]\n",
      " [-0.57155108 -0.80489917  1.37645025]]\n",
      "(5, 3)\n",
      "(10, 3)\n",
      "(3, 10)\n",
      "(5, 3)\n",
      "(3, 5)\n",
      "[[ 1.12049392 -0.54894391 -0.57155   ]\n",
      " [-0.54894391  1.3538487  -0.80490479]\n",
      " [-0.57155    -0.80490479  1.37645479]]\n",
      "(5, 3)\n",
      "(10, 3)\n",
      "(3, 10)\n",
      "(5, 3)\n",
      "(3, 5)\n",
      "[[ 1.12049447 -0.54894518 -0.57154928]\n",
      " [-0.54894518  1.35384873 -0.80490354]\n",
      " [-0.57154928 -0.80490354  1.37645283]]\n",
      "(5, 3)\n",
      "(10, 3)\n",
      "(3, 10)\n",
      "(5, 3)\n",
      "(3, 5)\n",
      "[[ 1.12049927 -0.54894747 -0.5715518 ]\n",
      " [-0.54894747  1.35384789 -0.80490042]\n",
      " [-0.5715518  -0.80490042  1.37645221]]\n",
      "(5, 3)\n",
      "(10, 3)\n",
      "(3, 10)\n",
      "(5, 3)\n",
      "(3, 5)\n",
      "[[ 1.12049787 -0.54894653 -0.57155134]\n",
      " [-0.54894653  1.35384832 -0.8049018 ]\n",
      " [-0.57155134 -0.8049018   1.37645314]]\n",
      "(5, 3)\n",
      "(10, 3)\n",
      "(3, 10)\n",
      "(5, 3)\n",
      "(3, 5)\n",
      "[[ 1.12049587 -0.54894613 -0.57154974]\n",
      " [-0.54894613  1.3538483  -0.80490217]\n",
      " [-0.57154974 -0.80490217  1.3764519 ]]\n",
      "(5, 3)\n",
      "(10, 3)\n",
      "(3, 10)\n",
      "(5, 3)\n",
      "(3, 5)\n",
      "[[ 1.12049687 -0.54894633 -0.57155054]\n",
      " [-0.54894633  1.35384831 -0.80490198]\n",
      " [-0.57155054 -0.80490198  1.37645252]]\n",
      "(5, 3)\n",
      "(10, 3)\n",
      "(3, 10)\n",
      "(5, 3)\n",
      "(3, 5)\n",
      "[[ 1.12049687 -0.54894633 -0.57155054]\n",
      " [-0.54894633  1.35384831 -0.80490198]\n",
      " [-0.57155054 -0.80490198  1.37645252]]\n",
      "(5, 3)\n",
      "(10, 3)\n",
      "(3, 10)\n",
      "(5, 3)\n",
      "(3, 5)\n",
      "[[ 1.12049934 -0.54895089 -0.57154845]\n",
      " [-0.54895089  1.35385748 -0.80490659]\n",
      " [-0.57154845 -0.80490659  1.37645504]]\n",
      "(5, 3)\n",
      "(10, 3)\n",
      "(3, 10)\n",
      "(5, 3)\n",
      "(3, 5)\n",
      "[[ 1.1204944  -0.54894177 -0.57155263]\n",
      " [-0.54894177  1.35383914 -0.80489738]\n",
      " [-0.57155263 -0.80489738  1.37645   ]]\n",
      "(5, 3)\n",
      "(10, 3)\n",
      "(3, 10)\n",
      "(5, 3)\n",
      "(3, 5)\n",
      "[[ 1.12049756 -0.54894586 -0.57155169]\n",
      " [-0.54894586  1.35384439 -0.80489853]\n",
      " [-0.57155169 -0.80489853  1.37645022]]\n",
      "(5, 3)\n",
      "(10, 3)\n",
      "(3, 10)\n",
      "(5, 3)\n",
      "(3, 5)\n",
      "[[ 1.12049618 -0.54894679 -0.57154939]\n",
      " [-0.54894679  1.35385223 -0.80490543]\n",
      " [-0.57154939 -0.80490543  1.37645482]]\n",
      "(5, 3)\n",
      "(10, 3)\n",
      "(3, 10)\n",
      "(5, 3)\n",
      "(3, 5)\n",
      "[[ 1.12049721 -0.54894564 -0.57155157]\n",
      " [-0.54894564  1.35384465 -0.80489901]\n",
      " [-0.57155157 -0.80489901  1.37645059]]\n",
      "(5, 3)\n",
      "(10, 3)\n",
      "(3, 10)\n",
      "(5, 3)\n",
      "(3, 5)\n",
      "[[ 1.12049653 -0.54894702 -0.57154951]\n",
      " [-0.54894702  1.35385197 -0.80490495]\n",
      " [-0.57154951 -0.80490495  1.37645446]]\n",
      "(5, 3)\n",
      "(10, 3)\n",
      "(3, 10)\n",
      "(5, 3)\n",
      "(3, 5)\n",
      "[[ 1.12049687 -0.54894633 -0.57155054]\n",
      " [-0.54894633  1.35384831 -0.80490198]\n",
      " [-0.57155054 -0.80490198  1.37645252]]\n",
      "(5, 3)\n",
      "(10, 3)\n",
      "(3, 10)\n",
      "(5, 3)\n",
      "(3, 5)\n",
      "[[ 1.12049687 -0.54894633 -0.57155054]\n",
      " [-0.54894633  1.35384831 -0.80490198]\n",
      " [-0.57155054 -0.80490198  1.37645252]]\n",
      "(5, 3)\n",
      "(10, 3)\n",
      "(3, 10)\n",
      "(5, 3)\n",
      "(3, 5)\n",
      "[[ 1.12049687 -0.54894633 -0.57155054]\n",
      " [-0.54894633  1.35384831 -0.80490198]\n",
      " [-0.57155054 -0.80490198  1.37645252]]\n",
      "(5, 3)\n",
      "(10, 3)\n",
      "(3, 10)\n",
      "(5, 3)\n",
      "(3, 5)\n",
      "[[ 1.12049687 -0.54894633 -0.57155054]\n",
      " [-0.54894633  1.35384831 -0.80490198]\n",
      " [-0.57155054 -0.80490198  1.37645252]]\n",
      "(5, 3)\n",
      "(10, 3)\n",
      "(3, 10)\n",
      "(5, 3)\n",
      "(3, 5)\n",
      "[[ 1.12049554 -0.54894521 -0.57155032]\n",
      " [-0.54894521  1.35384878 -0.80490357]\n",
      " [-0.57155032 -0.80490357  1.37645389]]\n",
      "(5, 3)\n",
      "(10, 3)\n",
      "(3, 10)\n",
      "(5, 3)\n",
      "(3, 5)\n",
      "[[ 1.1204982  -0.54894745 -0.57155076]\n",
      " [-0.54894745  1.35384784 -0.8049004 ]\n",
      " [-0.57155076 -0.8049004   1.37645115]]\n",
      "(5, 3)\n",
      "(10, 3)\n",
      "(3, 10)\n",
      "(5, 3)\n",
      "(3, 5)\n",
      "[[ 1.12048763 -0.54894057 -0.57154706]\n",
      " [-0.54894057  1.35384922 -0.80490865]\n",
      " [-0.57154706 -0.80490865  1.37645571]]\n",
      "(5, 3)\n",
      "(10, 3)\n",
      "(3, 10)\n",
      "(5, 3)\n",
      "(3, 5)\n",
      "[[ 1.12050611 -0.54895209 -0.57155402]\n",
      " [-0.54895209  1.3538474  -0.80489531]\n",
      " [-0.57155402 -0.80489531  1.37644933]]\n",
      "(5, 3)\n",
      "(10, 3)\n",
      "(3, 10)\n",
      "(5, 3)\n",
      "(3, 5)\n",
      "[[ 1.12049179 -0.54893973 -0.57155206]\n",
      " [-0.54893973  1.3538402  -0.80490047]\n",
      " [-0.57155206 -0.80490047  1.37645253]]\n",
      "(5, 3)\n",
      "(10, 3)\n",
      "(3, 10)\n",
      "(5, 3)\n",
      "(3, 5)\n",
      "[[ 1.12050194 -0.54895293 -0.57154902]\n",
      " [-0.54895293  1.35385642 -0.80490349]\n",
      " [-0.57154902 -0.80490349  1.37645251]]\n",
      "(5, 3)\n",
      "(10, 3)\n",
      "(3, 10)\n",
      "(5, 3)\n",
      "(3, 5)\n",
      "[[ 1.12049773 -0.5489465  -0.57155123]\n",
      " [-0.5489465   1.35384832 -0.80490182]\n",
      " [-0.57155123 -0.80490182  1.37645305]]\n",
      "(5, 3)\n",
      "(10, 3)\n",
      "(3, 10)\n",
      "(5, 3)\n",
      "(3, 5)\n",
      "[[ 1.12049601 -0.54894616 -0.57154985]\n",
      " [-0.54894616  1.3538483  -0.80490214]\n",
      " [-0.57154985 -0.80490214  1.37645199]]\n",
      "(5, 3)\n",
      "(10, 3)\n",
      "(3, 10)\n",
      "(5, 3)\n",
      "(3, 5)\n",
      "[[ 1.12049687 -0.54894633 -0.57155054]\n",
      " [-0.54894633  1.35384831 -0.80490198]\n",
      " [-0.57155054 -0.80490198  1.37645252]]\n",
      "(5, 3)\n",
      "(10, 3)\n",
      "(3, 10)\n",
      "(5, 3)\n",
      "(3, 5)\n",
      "[[ 1.12049687 -0.54894633 -0.57155054]\n",
      " [-0.54894633  1.35384831 -0.80490198]\n",
      " [-0.57155054 -0.80490198  1.37645252]]\n",
      "(5, 3)\n",
      "(10, 3)\n",
      "(3, 10)\n",
      "(5, 3)\n",
      "(3, 5)\n",
      "[[ 1.12049009 -0.54893736 -0.57155273]\n",
      " [-0.54893736  1.35384467 -0.80490732]\n",
      " [-0.57155273 -0.80490732  1.37646005]]\n",
      "(5, 3)\n",
      "(10, 3)\n",
      "(3, 10)\n",
      "(5, 3)\n",
      "(3, 5)\n",
      "[[ 1.12050365 -0.5489553  -0.57154835]\n",
      " [-0.5489553   1.35385194 -0.80489664]\n",
      " [-0.57154835 -0.80489664  1.37644499]]\n",
      "(5, 3)\n",
      "(10, 3)\n",
      "(3, 10)\n",
      "(5, 3)\n",
      "(3, 5)\n",
      "[[ 1.12049601 -0.54894936 -0.57154665]\n",
      " [-0.54894936  1.35384991 -0.80490054]\n",
      " [-0.57154665 -0.80490054  1.37644719]]\n",
      "(5, 3)\n",
      "(10, 3)\n",
      "(3, 10)\n",
      "(5, 3)\n",
      "(3, 5)\n",
      "[[ 1.12049773 -0.54894329 -0.57155443]\n",
      " [-0.54894329  1.35384671 -0.80490342]\n",
      " [-0.57155443 -0.80490342  1.37645785]]\n",
      "(5, 3)\n",
      "(10, 3)\n",
      "(3, 10)\n",
      "(5, 3)\n",
      "(3, 5)\n",
      "[[ 1.12049672 -0.5489493  -0.57154742]\n",
      " [-0.5489493   1.35384979 -0.80490049]\n",
      " [-0.57154742 -0.80490049  1.37644791]]\n",
      "(5, 3)\n",
      "(10, 3)\n",
      "(3, 10)\n",
      "(5, 3)\n",
      "(3, 5)\n",
      "[[ 1.12049702 -0.54894336 -0.57155366]\n",
      " [-0.54894336  1.35384683 -0.80490347]\n",
      " [-0.57155366 -0.80490347  1.37645713]]\n",
      "(5, 3)\n",
      "(10, 3)\n",
      "(3, 10)\n",
      "(5, 3)\n",
      "(3, 5)\n",
      "[[ 1.12049687 -0.54894633 -0.57155054]\n",
      " [-0.54894633  1.35384831 -0.80490198]\n",
      " [-0.57155054 -0.80490198  1.37645252]]\n",
      "(5, 3)\n",
      "(10, 3)\n",
      "(3, 10)\n",
      "(5, 3)\n",
      "(3, 5)\n",
      "[[ 1.12049687 -0.54894633 -0.57155054]\n",
      " [-0.54894633  1.35384831 -0.80490198]\n",
      " [-0.57155054 -0.80490198  1.37645252]]\n",
      "(5, 3)\n",
      "(10, 3)\n",
      "(3, 10)\n",
      "(5, 3)\n",
      "(3, 5)\n",
      "[[ 1.12049687 -0.54894633 -0.57155054]\n",
      " [-0.54894633  1.35384831 -0.80490198]\n",
      " [-0.57155054 -0.80490198  1.37645252]]\n",
      "(5, 3)\n",
      "(10, 3)\n",
      "(3, 10)\n",
      "(5, 3)\n",
      "(3, 5)\n",
      "[[ 1.12049687 -0.54894633 -0.57155054]\n",
      " [-0.54894633  1.35384831 -0.80490198]\n",
      " [-0.57155054 -0.80490198  1.37645252]]\n",
      "(5, 3)\n",
      "(10, 3)\n",
      "(3, 10)\n",
      "(5, 3)\n",
      "(3, 5)\n",
      "[[ 1.12049693 -0.54894638 -0.57155055]\n",
      " [-0.54894638  1.35384829 -0.8049019 ]\n",
      " [-0.57155055 -0.8049019   1.37645245]]\n",
      "(5, 3)\n",
      "(10, 3)\n",
      "(3, 10)\n",
      "(5, 3)\n",
      "(3, 5)\n",
      "[[ 1.1204968  -0.54894627 -0.57155053]\n",
      " [-0.54894627  1.35384833 -0.80490206]\n",
      " [-0.57155053 -0.80490206  1.37645259]]\n",
      "(5, 3)\n",
      "(10, 3)\n",
      "(3, 10)\n",
      "(5, 3)\n",
      "(3, 5)\n",
      "[[ 1.12050922 -0.54894866 -0.57156056]\n",
      " [-0.54894866  1.35384801 -0.80489935]\n",
      " [-0.57156056 -0.80489935  1.37645992]]\n",
      "(5, 3)\n",
      "(10, 3)\n",
      "(3, 10)\n",
      "(5, 3)\n",
      "(3, 5)\n",
      "[[ 1.12048451 -0.548944   -0.57154052]\n",
      " [-0.548944    1.35384861 -0.80490461]\n",
      " [-0.57154052 -0.80490461  1.37644513]]\n",
      "(5, 3)\n",
      "(10, 3)\n",
      "(3, 10)\n",
      "(5, 3)\n",
      "(3, 5)\n",
      "[[ 1.12050581 -0.54895246 -0.57155335]\n",
      " [-0.54895246  1.3538504  -0.80489794]\n",
      " [-0.57155335 -0.80489794  1.37645128]]\n",
      "(5, 3)\n",
      "(10, 3)\n",
      "(3, 10)\n",
      "(5, 3)\n",
      "(3, 5)\n",
      "[[ 1.12048793 -0.5489402  -0.57154773]\n",
      " [-0.5489402   1.35384622 -0.80490602]\n",
      " [-0.57154773 -0.80490602  1.37645376]]\n",
      "(5, 3)\n",
      "(10, 3)\n",
      "(3, 10)\n",
      "(5, 3)\n",
      "(3, 5)\n",
      "[[ 1.12049862 -0.54894667 -0.57155195]\n",
      " [-0.54894667  1.35384833 -0.80490166]\n",
      " [-0.57155195 -0.80490166  1.3764536 ]]\n",
      "(5, 3)\n",
      "(10, 3)\n",
      "(3, 10)\n",
      "(5, 3)\n",
      "(3, 5)\n",
      "[[ 1.12049512 -0.54894598 -0.57154913]\n",
      " [-0.54894598  1.35384829 -0.8049023 ]\n",
      " [-0.57154913 -0.8049023   1.37645144]]\n",
      "(5, 3)\n",
      "(10, 3)\n",
      "(3, 10)\n",
      "(5, 3)\n",
      "(3, 5)\n",
      "[[ 1.12049687 -0.54894633 -0.57155054]\n",
      " [-0.54894633  1.35384831 -0.80490198]\n",
      " [-0.57155054 -0.80490198  1.37645252]]\n",
      "(5, 3)\n",
      "(10, 3)\n",
      "(3, 10)\n",
      "(5, 3)\n",
      "(3, 5)\n",
      "[[ 1.12049687 -0.54894633 -0.57155054]\n",
      " [-0.54894633  1.35384831 -0.80490198]\n",
      " [-0.57155054 -0.80490198  1.37645252]]\n",
      "(5, 3)\n",
      "(10, 3)\n",
      "(3, 10)\n",
      "(5, 3)\n",
      "(3, 5)\n",
      "[[ 1.12050117 -0.54894932 -0.57155185]\n",
      " [-0.54894932  1.35384277 -0.80489345]\n",
      " [-0.57155185 -0.80489345  1.37644529]]\n",
      "(5, 3)\n",
      "(10, 3)\n",
      "(3, 10)\n",
      "(5, 3)\n",
      "(3, 5)\n",
      "[[ 1.12049257 -0.54894333 -0.57154923]\n",
      " [-0.54894333  1.35385385 -0.80491051]\n",
      " [-0.57154923 -0.80491051  1.37645975]]\n",
      "(5, 3)\n",
      "(10, 3)\n",
      "(3, 10)\n",
      "(5, 3)\n",
      "(3, 5)\n",
      "[[ 1.12049668 -0.54894479 -0.57155189]\n",
      " [-0.54894479  1.35385071 -0.80490591]\n",
      " [-0.57155189 -0.80490591  1.3764578 ]]\n",
      "(5, 3)\n",
      "(10, 3)\n",
      "(3, 10)\n",
      "(5, 3)\n",
      "(3, 5)\n",
      "[[ 1.12049706 -0.54894786 -0.57154919]\n",
      " [-0.54894786  1.35384591 -0.80489805]\n",
      " [-0.57154919 -0.80489805  1.37644724]]\n",
      "(5, 3)\n",
      "(10, 3)\n",
      "(3, 10)\n",
      "(5, 3)\n",
      "(3, 5)\n",
      "[[ 1.12049641 -0.54894494 -0.57155147]\n",
      " [-0.54894494  1.35385054 -0.8049056 ]\n",
      " [-0.57155147 -0.8049056   1.37645707]]\n",
      "(5, 3)\n",
      "(10, 3)\n",
      "(3, 10)\n",
      "(5, 3)\n",
      "(3, 5)\n",
      "[[ 1.12049733 -0.54894772 -0.57154961]\n",
      " [-0.54894772  1.35384607 -0.80489836]\n",
      " [-0.57154961 -0.80489836  1.37644797]]\n",
      "(5, 3)\n",
      "(10, 3)\n",
